x <- c(1.2, 0.5, 0.103, 7, 0.1501)                           # Create example vector
y <- as.percent(x)
